qs_calib = [

         0    0.3491   -0.1745   -0.0000
    0.0827    0.0522    0.1515   -0.0000
    0.1571   -0.1083    0.1572   -0.0000
   -0.0060    0.0382   -0.1606   -0.0000
    0.1548    0.1280    0.0188   -0.0000
    0.0282    0.9161    0.0707   -0.0000
    0.0531    0.6443    0.0688   -0.0000
    0.0587    0.7809    0.0177   -0.0000
    0.1123    0.0500    0.1009   -0.0000
    0.1571    0.0124   -0.1628   -0.0000
   -0.0610   -0.0733   -0.1795   -0.0000
    0.1945   -0.0603   -0.0782   -0.0000
   -0.0827    0.8669    0.0203   -0.0000
   -0.0702    0.6682   -0.2233   -0.0000
    0.0411    0.6662   -0.2013   -0.0000
    0.0744    0.3213    0.1080   -0.0000
   -0.1030    0.3784   -0.0345   -0.0000]

%For calib1 photos
%14 pics
ans1 = [

   -0.0605    0.1299    0.3203         0
    0.0282    0.1283    0.2466         0
    0.0032    0.3936    0.2448         0
   -0.1363    0.3823    0.1944         0
   -0.2758    0.1524    0.1019         0
   -0.1372    0.0365    0.1424         0
    0.0397    0.0347    0.1563         0
    0.0785    0.1764    0.1802         0
    0.0402    0.3697    0.2318         0
   -0.0092    0.4222    0.1827         0
   -0.0037    0.4203   -0.1533         0
   -0.0693    0.3420    0.5162         0
    0.0046    0.3434    0.5191         0
   -0.1866    0.3845    0.4712         0]

% For calib3
%15 pics
ans2 = [0.1538    0.1246    0.4702         0
    0.1529    0.1179   -0.0856         0
   -0.0346    0.1247   -0.0718         0
    0.3909    0.0724   -0.0580         0
    0.3160    0.0972    0.2317         0
    0.1788    0.1619    0.3217         0
    0.1672    0.1377    0.7273         0
    0.1756    0.2603   -0.2018         0
    0.4417    0.0638   -0.1365         0
   -0.0721    0.1580   -0.2102         0
    0.0171   -0.0322    0.2345         0
    0.4537   -0.0299   -0.0224         0
    0.1793   -0.0256    0.2034         0
    0.0092   -0.0210    0.2039         0
    0.3313   -0.0049    0.2654         0]

% For calib5
%29 pics
ans = [0.0166    0.1010    0.0897         0
   -0.0079    0.3586    0.0663         0
   -0.0037    0.6034    0.0683         0
   -0.0097    0.5936    0.4382         0
   -0.0115    0.3991    0.4892         0
   -0.0102    0.3737    0.5514         0
    0.0111    0.6791    0.7031         0
    0.0185    0.2897   -0.2456         0
    0.0282    0.0297   -0.2106         0
   -0.0102    0.4303   -0.2415         0
   -0.0111    0.5418   -0.0824         0
   -0.0360    0.6670   -0.2090         0
    0.1659    0.6289   -0.1830         0
    0.2273    0.4372   -0.0439         0
    0.1954    0.1301    0.0227         0
    0.1783    0.2058   -0.1771         0
    0.1289    0.4112    0.4987         0
   -0.1488    0.5944   -0.2587         0
   -0.2097    0.3451   -0.2612         0
   -0.2389    0.0612   -0.2380         0
   -0.0864    0.3095    0.3260         0
   -0.0480    0.4659    0.5527         0
   -0.2208    0.3999   -0.2455         0
   -0.1746    0.5666   -0.1071         0
   -0.0767    0.5660    0.4218         0
   -0.1732   -0.0015   -0.0339         0
   -0.1506    0.2257   -0.2267         0
   -0.1372    0.4394   -0.1697         0
   -0.0730    0.4544   -0.2328         0]