qs_calib = [

         0    0.3491   -0.1745   -0.0000
    0.0827    0.0522    0.1515   -0.0000
    0.1571   -0.1083    0.1572   -0.0000
   -0.0060    0.0382   -0.1606   -0.0000
    0.1548    0.1280    0.0188   -0.0000
    0.0282    0.9161    0.0707   -0.0000
    0.0531    0.6443    0.0688   -0.0000
    0.0587    0.7809    0.0177   -0.0000
    0.1123    0.0500    0.1009   -0.0000
    0.1571    0.0124   -0.1628   -0.0000
   -0.0610   -0.0733   -0.1795   -0.0000
    0.1945   -0.0603   -0.0782   -0.0000
   -0.0827    0.8669    0.0203   -0.0000
   -0.0702    0.6682   -0.2233   -0.0000
    0.0411    0.6662   -0.2013   -0.0000
    0.0744    0.3213    0.1080   -0.0000
   -0.1030    0.3784   -0.0345   -0.0000]

%For calib1 photos
%14 pics
ans1 = [

   -0.0605    0.1299    0.3203         0
    0.0282    0.1283    0.2466         0
    0.0032    0.3936    0.2448         0
   -0.1363    0.3823    0.1944         0
   -0.2758    0.1524    0.1019         0
   -0.1372    0.0365    0.1424         0
    0.0397    0.0347    0.1563         0
    0.0785    0.1764    0.1802         0
    0.0402    0.3697    0.2318         0
   -0.0092    0.4222    0.1827         0
   -0.0037    0.4203   -0.1533         0
   -0.0693    0.3420    0.5162         0
    0.0046    0.3434    0.5191         0
   -0.1866    0.3845    0.4712         0]

% For calib3
%15 pics
ans2 = [0.1538    0.1246    0.4702         0
    0.1529    0.1179   -0.0856         0
   -0.0346    0.1247   -0.0718         0
    0.3909    0.0724   -0.0580         0
    0.3160    0.0972    0.2317         0
    0.1788    0.1619    0.3217         0
    0.1672    0.1377    0.7273         0
    0.1756    0.2603   -0.2018         0
    0.4417    0.0638   -0.1365         0
   -0.0721    0.1580   -0.2102         0
    0.0171   -0.0322    0.2345         0
    0.4537   -0.0299   -0.0224         0
    0.1793   -0.0256    0.2034         0
    0.0092   -0.0210    0.2039         0
    0.3313   -0.0049    0.2654         0]