qs_calib = [

         0    0.3491   -0.1745   -0.0000
    0.0827    0.0522    0.1515   -0.0000
    0.1571   -0.1083    0.1572   -0.0000
   -0.0060    0.0382   -0.1606   -0.0000
    0.1548    0.1280    0.0188   -0.0000
    0.0282    0.9161    0.0707   -0.0000
    0.0531    0.6443    0.0688   -0.0000
    0.0587    0.7809    0.0177   -0.0000
    0.1123    0.0500    0.1009   -0.0000
    0.1571    0.0124   -0.1628   -0.0000
   -0.0610   -0.0733   -0.1795   -0.0000
    0.1945   -0.0603   -0.0782   -0.0000
   -0.0827    0.8669    0.0203   -0.0000
   -0.0702    0.6682   -0.2233   -0.0000
    0.0411    0.6662   -0.2013   -0.0000
    0.0744    0.3213    0.1080   -0.0000
   -0.1030    0.3784   -0.0345   -0.0000]